68802053
70757636
71356489
69073629
70656648
68531828
72451165
71852020
71142126
68700672
69962730
71432341
69544219
68994913
67996688
72479164
71686822
71293654
70676738
64602169
68714140
70757997
69600287
71708131
72384220
71240775
68669224
72198878
70223375
69856091
71189966
71851935
69858761
71677246
68691974
69956980
69688299
71432102
72457492
72479442
70163439
68675231
69802421
69065735
71430843
62011444
67098815
69087918
72460233
67802489
67018488
70159396
71443726
70436315
66643191
62016897
70253925
71293725
69792349
67098684
72661545
69685775
68214614
72242359
72338560
68612091
66749246
68237569
71188781
67896489
68715062
72244156
71393784
62017964
69170518
68177629
71903625
68708318
71293696
68714905
71808636
70656711
71857143
68699701
72457200
68564061
68063266
69930907
67949521
70253135
68683343
69169496
68695864
71561249
72200044
68242247
71291615
71851737
64587110
68676602
69801399
69172926
69088253
62004211
68678435
72555421
72421504
71838397
69673592
69746362
69937154
68806037
72447151
72481557
71847666
67099419
70758173
68681216
69931161
71674616
62017143
68408186
68063513
68691589
67174811
69035657
69594171
71393735
50738105
69024685
69931225
71748554
65450489
72239537
71674555
72238746
71428404
71635418
72661895
69072950
70255258
68675667
70757932
69073451
68682048
66887701
67931789
68608928
68702096
68242598
68997528
71186780
68622279
68995641
68538230
72450640
71361732
72460315
70420139
71375118
69030000
72115771
71139623
69803404
72338070
71711622
68677803
69092773
70758175
68711980
72236150
72421706
70593580
69046353
68677615
68292692
69228108
71621313
68693284
70758181
71671543
68678658
69564390
68510409
69805538
71555733
69063925
68684698
68709520
68299652
69545040
71796980
71631590
72634040
69265319
70807997
69267760
71851898
72450119
68849619
68805556
69198249
68217600
71099880
68546047
71850659
72117596
72481581
69168938
72690823
72690626
72379491
69689923
69082733
68591444
72198584
72442494
69007802
68217095
72485443
72351795
72690576
72452403
69249326
69250944
71631421
72630989
55409704
69551029
69079778
70677481
72662930
72441022
69083316
72405497
72427959
70607796
72443521
72395002
72531481
69557422
68544610
66506073
69848827
72564385
67753890
72442746
70207759
72690861
69501426
67949291
68218446
69993139
72238038
71685513
70675910
67958106
72404995
72630830
68707581
70218831
69190420
72443359
71196021
72444583
72337118
69966126
72406398
69805343
70608442
71821372
70218857
71314005
71443077
69082147
71469076
64144831
71224914
72241526
70322392
68218566
69267364
64216173
62113808
68346097
72447529
69805267
68057472
69966873
69079850
69079024
70162275
70755882
70676894
68181436
64809893
71230837
70076688
69147753
70077260
71199807
71215909
71369684
69079811
68824328
66905324
69669856
69080771
71812293
70309482
70321511
69671196
66981532
72351069
72479966
68700091
71443055
69081099
67304988
67946221
71186393
69551242
67946161
69171545
68704193
72691194
72628995
71851119
69052698
72395107
71292106
72427796
69080968
72243490
68712859
69084078
71196096
69080837
71125587
67946086
72444600
71470776
69776905
70104899
72386497
70253617
72444214
69558397
66630867
70076682
71369502
71367580
70077718
71816988
72453749
71818770
69079190
71679611
69078766
72427843
72635560
71099289
69213729
71619468
68679476
66298393
72454550
67333526
72480999
69264935
72697019
69080512
67770798
69559906
70162126
72428168
69080365
68548006
68705166
70250035
71902193
69747537
69600129
66673865
72485547
69121415
71125410
71677261
71125336
70218883
70762357
68179675
71856853
69081850
69536987
72485752
72666862
72689197
69776963
71213522
69145960
72236089
70256561
68218431
72444694
69083137
71125819
69867890
71904521
72610903
67441347
67945529
71820132
69082575
68238154
71851279
72679817
71763997
67442211
69145949
68293795
72697363
72241686
72694003
68728668
69191349
71841765
66426163
70598762
68576341
71691917
56209809
68372648
68537277
71296110
62011450
70692809
71609787
69010815
69199873
59968160
71082148
68720930
71793578
70264328
69011089
67151783
68510120
68719557
68560905
68720237
72692186
71335886
71805092
70763867
66952266
70016152
69196531
70763481
68537749
67959741
70598851
70623750
71337749
71750535
71080674
72702961
70448586
69686571
69987622
55400426
68718720
62524959
68302335
62007842
46626933
68564494
68310385
71841735
46628059
71402478
71802875
68507605
46629831
70265318
71614229
72184029
69220730
68559978
71903513
71692209
69012306
51061143
66544069
67746089
70232739
72184995
67444373
60685363
70148800
71556854
66578075
70763720
72342085
71335031
72340106
72443411
66932711
47920414
68718817
71608168
69615159
70474220
69973695
68560477
69783619
70253936
71353597
46632140
50882000
69689688
71204423
72609667
68310471
69973851
72192734
71606900
70763753
69011871
69688172
70627602
68574254
66601501
71885903
64805954
69996401
71230720
71233429
70756164
69580390
71805339
72609755
71803987
69587191
71090289
72226795
68700336
48844742
69580237
69119013
46629059
69768322
69748492
72481346
71109791
71602572
55278133
46633806
69539327
71402732
72441328
69182884
53863788
72339917
46627840
70013065
70016465
68731887
68709313
69817467
71675717
46629905
68728610
72342158
69192492
58936930
68507612
72118191
71812575
70086531
68061775
67959409
67749541
72186225
69266150
72478300
71335000
70016153
72627933
46627260
66952130
69783468
71803856
69568022
46634833
70014362
71885864
46635135
68537806
72609298
68310427
70599043
68573837
70682023
68560763
71295925
72226412
69146692
71094924
71691899
68718213
54929044
70090631
72609591
68508976
66747476
69568536
70205656
72287638
69817624
69598361
70485873
69086048
69170925
71847011
71679411
66935937
68814305
69929266
70028343
72227008
66399629
68702817
68346273
69004747
70028246
68180326
71171544
68057786
72240625
71849489
69770990
71745516
68697153
72446522
68194862
71288404
69989027
68256188
72234499
69799803
68688500
72460729
68257449
70520065
67970848
72232029
70597879
72673887
72691163
69577650
71848552
68257221
71750603
71198896
71677705
71171000
66887344
69671186
72457901
70599432
62269820
71633491
71339723
66600427
67895483
68686791
69147324
68608728
72578233
69056135
69000079
70256074
72446515
71185283
72438284
71340157
68806418
68708197
71240896
72241506
68182091
68784692
72397595
68095319
69799351
68062611
69553242
71677311
69635720
67639091
72439398
68062805
71596865
71678606
68258658
68678164
71848359
55414504
68553492
69250648
70597736
72680220
69993409
69250788
69577820
69188332
68807391
68347634
70190910
71170782
65451652
67332022
68057065
69687048
71082952
67639020
68356152
72448172
69556224
71083870
72236534
72241841
72233918
68688072
72173738
71184796
69694967
72672874
69188766
62004449
55415689
66753565
68678482
65101527
68258357
71812011
71199751
71168766
69250765
68780456
68576082
69768475
69000974
72401303
72448496
68697352
69001764
69040220
69540434
72441930
68687567
68257980
70457475
69146761
68180459
70251801
69600219
71800229
72411451
68784018
68056671
68256016
71737507
70205492
72444142
